{
    "w": 800,
    "h": 800,
    "fl_x": 1108.7548337241144,
    "fl_y": 1108.9261157324595,
    "cx": 403.64254700751815,
    "cy": 403.0912368885769,
    "k1": -0.058625058026244695,
    "k2": 0.24676319436984168,
    "p1": 0.0012336491989185896,
    "p2": -1.989365663889311e-05,
    "camera_model": "OPENCV",
    "frames": [
        {
            "file_path": "images/frame_00100.png",
            "transform_matrix": [
                [
                    -0.9854895834477659,
                    0.10408799117869465,
                    -0.13407449797904059,
                    -0.6780179105303384
                ],
                [
                    -0.11119070541258862,
                    -0.9927056977501086,
                    0.04660498561656981,
                    2.1493728479143313
                ],
                [
                    -0.1282454987350383,
                    0.06083656586999116,
                    0.9898747417261173,
                    2.4043843204604722
                ],
                [
                    0.0,
                    0.0,
                    0.0,
                    1.0
                ]
            ],
            "colmap_im_id": 100
        },
        {
            "file_path": "images/frame_00099.png",
            "transform_matrix": [
                [
                    -0.5086948134267006,
                    -0.3675277256659578,
                    0.7785582557905236,
                    3.3985204820928967
                ],
                [
                    0.7371357419386898,
                    -0.6531430725957623,
                    0.1733061587961141,
                    2.7231396356833626
                ],
                [
                    0.4448151129955809,
                    0.6620630616391276,
                    0.6031683161968585,
                    0.6853361582827039
                ],
                [
                    0.0,
                    0.0,
                    0.0,
                    1.0
                ]
            ],
            "colmap_im_id": 99
        },
        {
            "file_path": "images/frame_00098.png",
            "transform_matrix": [
                [
                    0.8593243929589967,
                    -0.293018760555944,
                    0.41916773924994555,
                    1.815470714761457
                ],
                [
                    0.4064581749729259,
                    -0.10616138155496264,
                    -0.9074808609904784,
                    -2.102681903526989
                ],
                [
                    0.31040834341771545,
                    0.9501945942956105,
                    0.02787280588799105,
                    -1.8854404288665758
                ],
                [
                    0.0,
                    0.0,
                    0.0,
                    1.0
                ]
            ],
            "colmap_im_id": 98
        },
        {
            "file_path": "images/frame_00097.png",
            "transform_matrix": [
                [
                    0.9957656882249958,
                    -0.08092062399068556,
                    0.043618193070765046,
                    0.14255078871850585
                ],
                [
                    0.039346968329469344,
                    -0.05364754306344652,
                    -0.9977844242152388,
                    -2.5077265251584344
                ],
                [
                    0.08308134710679763,
                    0.9952757375402124,
                    -0.05023640141079051,
                    -2.2369034669299954
                ],
                [
                    0.0,
                    0.0,
                    0.0,
                    1.0
                ]
            ],
            "colmap_im_id": 97
        },
        {
            "file_path": "images/frame_00096.png",
            "transform_matrix": [
                [
                    -0.9877719296512332,
                    -0.03412911646564994,
                    -0.1521243517729926,
                    -0.7557244682897492
                ],
                [
                    -0.09560543971275681,
                    -0.638149929839391,
                    0.7639530528398395,
                    5.334625202824167
                ],
                [
                    -0.12315118712545778,
                    0.769155296708834,
                    0.6270836584175481,
                    0.7784698939693059
                ],
                [
                    0.0,
                    0.0,
                    0.0,
                    1.0
                ]
            ],
            "colmap_im_id": 96
        },
        {
            "file_path": "images/frame_00095.png",
            "transform_matrix": [
                [
                    0.9914226887030119,
                    -0.10766627380192548,
                    0.07408795995639114,
                    0.27839295175038176
                ],
                [
                    0.07567220857501572,
                    0.01069848176752423,
                    -0.9970753528882607,
                    -2.5051271905265162
                ],
                [
                    0.10655875925643242,
                    0.994129526758701,
                    0.018754062286633073,
                    -1.929530121490428
                ],
                [
                    0.0,
                    0.0,
                    0.0,
                    1.0
                ]
            ],
            "colmap_im_id": 95
        },
        {
            "file_path": "images/frame_00094.png",
            "transform_matrix": [
                [
                    0.43587008927424087,
                    -0.7921740475533542,
                    0.42717390329817795,
                    1.8519021997142107
                ],
                [
                    0.7452792088094653,
                    0.05160483283347823,
                    -0.6647524668209708,
                    -1.019097981868652
                ],
                [
                    0.5045554143921182,
                    0.6081095457326458,
                    0.6128838504940662,
                    0.7279940702760997
                ],
                [
                    0.0,
                    0.0,
                    0.0,
                    1.0
                ]
            ],
            "colmap_im_id": 94
        },
        {
            "file_path": "images/frame_00093.png",
            "transform_matrix": [
                [
                    -0.06065434431975834,
                    -0.7889394437770512,
                    0.6114700357073084,
                    2.664624760189237
                ],
                [
                    0.8403249892571067,
                    -0.3709625012271016,
                    -0.3952729880897197,
                    0.1877316557721055
                ],
                [
                    0.5386789052350045,
                    0.4898585272668933,
                    0.6854660168956058,
                    1.0538317858388002
                ],
                [
                    0.0,
                    0.0,
                    0.0,
                    1.0
                ]
            ],
            "colmap_im_id": 93
        },
        {
            "file_path": "images/frame_00092.png",
            "transform_matrix": [
                [
                    -0.7192322441205959,
                    -0.6777437841098604,
                    0.1528670733601491,
                    0.6123289576076043
                ],
                [
                    0.6015451145867555,
                    -0.7175560300889051,
                    -0.3510795049555831,
                    0.3874495266144646
                ],
                [
                    0.34763264250363124,
                    -0.16055125905297865,
                    0.9237828960759368,
                    2.11964514540044
                ],
                [
                    0.0,
                    0.0,
                    0.0,
                    1.0
                ]
            ],
            "colmap_im_id": 92
        },
        {
            "file_path": "images/frame_00091.png",
            "transform_matrix": [
                [
                    0.7607074265667585,
                    -0.37666094683071955,
                    0.5286310076970183,
                    2.30229191983975
                ],
                [
                    0.5252698172486961,
                    -0.1212372840329841,
                    -0.8422547952061935,
                    -1.8110992460528714
                ],
                [
                    0.3813342762638846,
                    0.9183833905798228,
                    0.10562252436581844,
                    -1.537528937186945
                ],
                [
                    0.0,
                    0.0,
                    0.0,
                    1.0
                ]
            ],
            "colmap_im_id": 91
        },
        {
            "file_path": "images/frame_00090.png",
            "transform_matrix": [
                [
                    0.9261297078988757,
                    -0.2136661417921397,
                    0.31085453832750176,
                    1.3333196911161704
                ],
                [
                    0.29095584014256803,
                    -0.11981994766285037,
                    -0.9492038133240953,
                    -2.2901808895465576
                ],
                [
                    0.24005929108050664,
                    0.9695307937315519,
                    -0.04880140133430115,
                    -2.2279817070119803
                ],
                [
                    0.0,
                    0.0,
                    0.0,
                    1.0
                ]
            ],
            "colmap_im_id": 90
        },
        {
            "file_path": "images/frame_00089.png",
            "transform_matrix": [
                [
                    -0.5014901077296698,
                    -0.23024793255714698,
                    0.8339625659479226,
                    3.6447553719076913
                ],
                [
                    0.7408659513962776,
                    -0.6120919103069615,
                    0.27651606716149807,
                    3.1821063582047313
                ],
                [
                    0.44679448733279126,
                    0.7565245421596937,
                    0.4775408916512744,
                    0.12485860337563795
                ],
                [
                    0.0,
                    0.0,
                    0.0,
                    1.0
                ]
            ],
            "colmap_im_id": 89
        },
        {
            "file_path": "images/frame_00088.png",
            "transform_matrix": [
                [
                    0.6336828629062072,
                    0.7710951618848806,
                    -0.06211505917829215,
                    -0.34325307479847006
                ],
                [
                    -0.6690832765634718,
                    0.5060021986222037,
                    -0.544324667833991,
                    -0.5069372136673834
                ],
                [
                    -0.38829576134962096,
                    0.38648936118245936,
                    0.83657179931593,
                    1.7132989494330355
                ],
                [
                    0.0,
                    0.0,
                    0.0,
                    1.0
                ]
            ],
            "colmap_im_id": 88
        },
        {
            "file_path": "images/frame_00087.png",
            "transform_matrix": [
                [
                    0.46892210549691066,
                    -0.7567484550534634,
                    0.45546002541446,
                    1.9782797128898417
                ],
                [
                    0.7300094181233553,
                    0.04178620287469172,
                    -0.6821584586447017,
                    -1.0971295631920024
                ],
                [
                    0.4971904146577491,
                    0.6523692888414593,
                    0.5720279735720486,
                    0.5461079074529633
                ],
                [
                    0.0,
                    0.0,
                    0.0,
                    1.0
                ]
            ],
            "colmap_im_id": 87
        },
        {
            "file_path": "images/frame_00086.png",
            "transform_matrix": [
                [
                    -0.9542387974201175,
                    -0.2826371344346991,
                    0.0976963035981854,
                    0.3594533618488569
                ],
                [
                    0.27371128972215303,
                    -0.9570712710522787,
                    -0.09537668480824318,
                    1.5234124731060132
                ],
                [
                    0.12045931834790792,
                    -0.06427155175438883,
                    0.9906355133237652,
                    2.4133629367008713
                ],
                [
                    0.0,
                    0.0,
                    0.0,
                    1.0
                ]
            ],
            "colmap_im_id": 86
        },
        {
            "file_path": "images/frame_00085.png",
            "transform_matrix": [
                [
                    0.8870831711091388,
                    -0.12281970634645066,
                    0.4449705240439258,
                    1.9285152784594493
                ],
                [
                    0.3646997373404302,
                    -0.4044572591547722,
                    -0.8386944778051366,
                    -1.7943526807664678
                ],
                [
                    0.28297976803788555,
                    0.906272390206157,
                    -0.3139949133843469,
                    -3.406908071597921
                ],
                [
                    0.0,
                    0.0,
                    0.0,
                    1.0
                ]
            ],
            "colmap_im_id": 85
        },
        {
            "file_path": "images/frame_00084.png",
            "transform_matrix": [
                [
                    -0.771281694162408,
                    -0.5083523637907943,
                    0.3830175224167653,
                    1.6323132195507104
                ],
                [
                    0.5552829307659571,
                    -0.8315344911706679,
                    0.014534675555633078,
                    2.0149835139524295
                ],
                [
                    0.3111035439366364,
                    0.22389342156894693,
                    0.923626721532143,
                    2.109489932960417
                ],
                [
                    0.0,
                    0.0,
                    0.0,
                    1.0
                ]
            ],
            "colmap_im_id": 84
        },
        {
            "file_path": "images/frame_00083.png",
            "transform_matrix": [
                [
                    0.840015509507668,
                    -0.3030422106243851,
                    0.4500437338375668,
                    1.9528743121133905
                ],
                [
                    0.43317440668223084,
                    -0.12487865725396911,
                    -0.8926170815965506,
                    -2.0363903402014962
                ],
                [
                    0.3267015108353038,
                    0.9447596199787179,
                    0.026370120887063336,
                    -1.8917958050400812
                ],
                [
                    0.0,
                    0.0,
                    0.0,
                    1.0
                ]
            ],
            "colmap_im_id": 83
        },
        {
            "file_path": "images/frame_00082.png",
            "transform_matrix": [
                [
                    0.8133561879317946,
                    0.534867658770583,
                    -0.2288412094757719,
                    -1.0813307305207187
                ],
                [
                    -0.510851720154612,
                    0.46842864503467174,
                    -0.7208364062157622,
                    -1.2909288278121975
                ],
                [
                    -0.2783563032663944,
                    0.7032006769850669,
                    0.6542374005814788,
                    0.8990152531065498
                ],
                [
                    0.0,
                    0.0,
                    0.0,
                    1.0
                ]
            ],
            "colmap_im_id": 82
        },
        {
            "file_path": "images/frame_00081.png",
            "transform_matrix": [
                [
                    0.8822134924600733,
                    0.10302653406458946,
                    -0.4594397533954133,
                    -2.104394087611038
                ],
                [
                    -0.4176346730694448,
                    -0.27939498490038317,
                    -0.8645922288933047,
                    -1.9256734026201534
                ],
                [
                    -0.21744110368460265,
                    0.9546329010102012,
                    -0.20345857253325367,
                    -2.924688321601132
                ],
                [
                    0.0,
                    0.0,
                    0.0,
                    1.0
                ]
            ],
            "colmap_im_id": 81
        },
        {
            "file_path": "images/frame_00080.png",
            "transform_matrix": [
                [
                    -0.9752143956975704,
                    0.12370242325031955,
                    -0.18345188171894258,
                    -0.8977096800031659
                ],
                [
                    -0.155568059826628,
                    -0.9729223616543057,
                    0.17094050706250719,
                    2.7016432020444285
                ],
                [
                    -0.15733868305664944,
                    0.19524289660575955,
                    0.9680520389622616,
                    2.305877681496387
                ],
                [
                    0.0,
                    0.0,
                    0.0,
                    1.0
                ]
            ],
            "colmap_im_id": 80
        },
        {
            "file_path": "images/frame_00079.png",
            "transform_matrix": [
                [
                    0.7091372060184826,
                    -0.28120028123577007,
                    0.646568499753293,
                    2.8262743186484265
                ],
                [
                    0.5741583139303342,
                    -0.30193759334300513,
                    -0.7610360834224024,
                    -1.447832762094373
                ],
                [
                    0.4092268974358552,
                    0.9109116815362278,
                    -0.05266170198413794,
                    -2.242021487452322
                ],
                [
                    0.0,
                    0.0,
                    0.0,
                    1.0
                ]
            ],
            "colmap_im_id": 79
        },
        {
            "file_path": "images/frame_00078.png",
            "transform_matrix": [
                [
                    0.5499344273613533,
                    0.7060363140321869,
                    -0.44618925230285794,
                    -2.0544975687779523
                ],
                [
                    -0.7184619118969338,
                    0.12748659417911237,
                    -0.6837833351713195,
                    -1.1243713142897913
                ],
                [
                    -0.4258927174255779,
                    0.6966059801440505,
                    0.5773694672143682,
                    0.5537274167135601
                ],
                [
                    0.0,
                    0.0,
                    0.0,
                    1.0
                ]
            ],
            "colmap_im_id": 78
        },
        {
            "file_path": "images/frame_00077.png",
            "transform_matrix": [
                [
                    0.9924677493352179,
                    -0.017687933457425913,
                    -0.12122253725893052,
                    -0.5934866968844418
                ],
                [
                    -0.12052100241801067,
                    -0.3183914770910255,
                    -0.9402667468819434,
                    -2.258023408533952
                ],
                [
                    -0.021964847043514615,
                    0.9477942837587704,
                    -0.3181250401470377,
                    -3.4321340312451585
                ],
                [
                    0.0,
                    0.0,
                    0.0,
                    1.0
                ]
            ],
            "colmap_im_id": 77
        },
        {
            "file_path": "images/frame_00076.png",
            "transform_matrix": [
                [
                    -0.59819044334213,
                    0.703025049913511,
                    -0.3846088567470208,
                    -1.7961939276459815
                ],
                [
                    -0.660530507646939,
                    -0.7043148318201085,
                    -0.26007703886711914,
                    0.7727364024545873
                ],
                [
                    -0.45372639548721677,
                    0.09847028420958841,
                    0.885683894606795,
                    1.9353594594692594
                ],
                [
                    0.0,
                    0.0,
                    0.0,
                    1.0
                ]
            ],
            "colmap_im_id": 76
        },
        {
            "file_path": "images/frame_00075.png",
            "transform_matrix": [
                [
                    -0.523258117579847,
                    -0.38021896632315316,
                    0.7626496443550913,
                    3.3280167224313306
                ],
                [
                    0.730060248273467,
                    -0.6616318753987747,
                    0.17104179415331047,
                    2.712954922707487
                ],
                [
                    0.43955998029583826,
                    0.6462791959396909,
                    0.6237870026041492,
                    0.7780428610718672
                ],
                [
                    0.0,
                    0.0,
                    0.0,
                    1.0
                ]
            ],
            "colmap_im_id": 75
        },
        {
            "file_path": "images/frame_00074.png",
            "transform_matrix": [
                [
                    0.7303924366419564,
                    0.07108446952562057,
                    -0.6793186930215352,
                    -3.087668594031716
                ],
                [
                    -0.5929319813108404,
                    -0.42771788492375795,
                    -0.6822675988607023,
                    -1.1145300239152718
                ],
                [
                    -0.3390553849078746,
                    0.9011128725684746,
                    -0.27025365280855135,
                    -3.223588932639172
                ],
                [
                    0.0,
                    0.0,
                    0.0,
                    1.0
                ]
            ],
            "colmap_im_id": 74
        },
        {
            "file_path": "images/frame_00073.png",
            "transform_matrix": [
                [
                    -0.14045525025642958,
                    0.3579700306709724,
                    -0.9231087583902705,
                    -4.181463036427388
                ],
                [
                    -0.8311704853853898,
                    -0.5492442836097021,
                    -0.08652364501268293,
                    1.5423617316696305
                ],
                [
                    -0.53798508055486,
                    0.7551080545613907,
                    0.3746783674525291,
                    -0.3510777100535776
                ],
                [
                    0.0,
                    0.0,
                    0.0,
                    1.0
                ]
            ],
            "colmap_im_id": 73
        },
        {
            "file_path": "images/frame_00072.png",
            "transform_matrix": [
                [
                    -0.9950931568141977,
                    -0.08873532649457117,
                    0.04376815158830111,
                    0.11637932566044558
                ],
                [
                    0.09889911324052619,
                    -0.905138025781191,
                    0.41345389063977367,
                    3.784505691924349
                ],
                [
                    0.0029282523443557393,
                    0.41575376861410424,
                    0.9094725005305975,
                    2.046298501746381
                ],
                [
                    0.0,
                    0.0,
                    0.0,
                    1.0
                ]
            ],
            "colmap_im_id": 72
        },
        {
            "file_path": "images/frame_00071.png",
            "transform_matrix": [
                [
                    -0.958450374412917,
                    0.049688336084639025,
                    -0.28089846750183245,
                    -1.330255856124304
                ],
                [
                    -0.21054409825800693,
                    -0.7876208052586314,
                    0.5790722319473343,
                    4.51424304533597
                ],
                [
                    -0.1924683414914276,
                    0.614153512064276,
                    0.76535704161042,
                    1.3964848842318769
                ],
                [
                    0.0,
                    0.0,
                    0.0,
                    1.0
                ]
            ],
            "colmap_im_id": 71
        },
        {
            "file_path": "images/frame_00070.png",
            "transform_matrix": [
                [
                    -0.30095538061449073,
                    -0.6835669688895953,
                    0.6649526734454697,
                    2.897350997662781
                ],
                [
                    0.8092794423796179,
                    -0.5519283917313325,
                    -0.20110155281001577,
                    1.0542000700838776
                ],
                [
                    0.5044726385255414,
                    0.4776099344066826,
                    0.7193025146175444,
                    1.2040324774765203
                ],
                [
                    0.0,
                    0.0,
                    0.0,
                    1.0
                ]
            ],
            "colmap_im_id": 70
        },
        {
            "file_path": "images/frame_00069.png",
            "transform_matrix": [
                [
                    -0.7775329006991191,
                    -0.24228506973952646,
                    0.580293488944798,
                    2.510875590657546
                ],
                [
                    0.551204193440268,
                    -0.7067597614218936,
                    0.443468800220186,
                    3.9206196275889154
                ],
                [
                    0.3026822186126519,
                    0.6646717871372161,
                    0.6830775138441771,
                    1.037070987613549
                ],
                [
                    0.0,
                    0.0,
                    0.0,
                    1.0
                ]
            ],
            "colmap_im_id": 69
        },
        {
            "file_path": "images/frame_00068.png",
            "transform_matrix": [
                [
                    -0.18029211013088753,
                    -0.9833349274220848,
                    0.02339178352231555,
                    0.047522248798068364
                ],
                [
                    0.8312245187103106,
                    -0.16503164594450942,
                    -0.5308769681683873,
                    -0.41637194201243477
                ],
                [
                    0.5258902495001831,
                    -0.07626910481085408,
                    0.8471260054631696,
                    1.77902643383117
                ],
                [
                    0.0,
                    0.0,
                    0.0,
                    1.0
                ]
            ],
            "colmap_im_id": 68
        },
        {
            "file_path": "images/frame_00067.png",
            "transform_matrix": [
                [
                    0.6567487353680022,
                    -0.16819033212319373,
                    0.7351143521744214,
                    3.218165061318991
                ],
                [
                    0.617033288025984,
                    -0.4405627616053695,
                    -0.6520539659832563,
                    -0.9594653318131509
                ],
                [
                    0.4335331821906748,
                    0.8818256433484682,
                    -0.1855600028904046,
                    -2.833475390671608
                ],
                [
                    0.0,
                    0.0,
                    0.0,
                    1.0
                ]
            ],
            "colmap_im_id": 67
        },
        {
            "file_path": "images/frame_00066.png",
            "transform_matrix": [
                [
                    -0.9963090149771194,
                    -0.007466193261535314,
                    -0.08551375698390556,
                    -0.46055844905753646
                ],
                [
                    -0.030915913054557338,
                    -0.8981436999107515,
                    0.4386138399898344,
                    3.8942299139560097
                ],
                [
                    -0.08007841778734205,
                    0.43963865875148744,
                    0.8945978407842649,
                    1.9780142726048617
                ],
                [
                    0.0,
                    0.0,
                    0.0,
                    1.0
                ]
            ],
            "colmap_im_id": 66
        },
        {
            "file_path": "images/frame_00065.png",
            "transform_matrix": [
                [
                    0.5844272216212796,
                    0.3594338339791081,
                    -0.7274971763650431,
                    -3.3045477685970077
                ],
                [
                    -0.698598633139136,
                    -0.23321922214502153,
                    -0.6764382781881891,
                    -1.0893532026772457
                ],
                [
                    -0.41280112936396224,
                    0.9035574765410057,
                    0.11480032309487306,
                    -1.5075641493211214
                ],
                [
                    0.0,
                    0.0,
                    0.0,
                    1.0
                ]
            ],
            "colmap_im_id": 65
        },
        {
            "file_path": "images/frame_00064.png",
            "transform_matrix": [
                [
                    0.9840676210245208,
                    0.10727958346734064,
                    -0.14178155106435322,
                    -0.6852771045584943
                ],
                [
                    -0.17059190767232546,
                    0.34504449544056903,
                    -0.922953247571555,
                    -2.1853704163828396
                ],
                [
                    -0.050093096209524665,
                    0.9324351919234051,
                    0.3578481445737931,
                    -0.420684721979433
                ],
                [
                    0.0,
                    0.0,
                    0.0,
                    1.0
                ]
            ],
            "colmap_im_id": 64
        },
        {
            "file_path": "images/frame_00063.png",
            "transform_matrix": [
                [
                    -0.729464417575443,
                    -0.18798252070505692,
                    0.6576809525907624,
                    2.855215717613497
                ],
                [
                    0.5966493028799293,
                    -0.6450600101826806,
                    0.4773962637432503,
                    4.0714221399973045
                ],
                [
                    0.33450152894151985,
                    0.7406484693648486,
                    0.5827079645614023,
                    0.5883466645649529
                ],
                [
                    0.0,
                    0.0,
                    0.0,
                    1.0
                ]
            ],
            "colmap_im_id": 63
        },
        {
            "file_path": "images/frame_00062.png",
            "transform_matrix": [
                [
                    0.7357485179659576,
                    0.07004132618116853,
                    -0.6736232856260834,
                    -3.0622046400633582
                ],
                [
                    -0.5885364180755303,
                    -0.4260307112776751,
                    -0.687111866908921,
                    -1.1367773320154846
                ],
                [
                    -0.33511043390160417,
                    0.9019933734097061,
                    -0.27222959320260753,
                    -3.2333505419360424
                ],
                [
                    0.0,
                    0.0,
                    0.0,
                    1.0
                ]
            ],
            "colmap_im_id": 62
        },
        {
            "file_path": "images/frame_00061.png",
            "transform_matrix": [
                [
                    -0.9542419290748467,
                    -0.14696628929606298,
                    0.26042897420613637,
                    1.0830055028445413
                ],
                [
                    0.2757164876122384,
                    -0.7695705717854582,
                    0.5759700977486356,
                    4.507644976304156
                ],
                [
                    0.115770286577709,
                    0.6214193792056608,
                    0.7748775360619032,
                    1.4432846452619128
                ],
                [
                    0.0,
                    0.0,
                    0.0,
                    1.0
                ]
            ],
            "colmap_im_id": 61
        },
        {
            "file_path": "images/frame_00060.png",
            "transform_matrix": [
                [
                    0.9357656842207905,
                    -0.3480696042124094,
                    0.05648127882946944,
                    0.20225254099338988
                ],
                [
                    0.26853933526629475,
                    0.5996200463172152,
                    -0.7538848887391741,
                    -1.428882753314392
                ],
                [
                    0.22853710781737863,
                    0.720627053806584,
                    0.6545742430561335,
                    0.9079938836768071
                ],
                [
                    0.0,
                    0.0,
                    0.0,
                    1.0
                ]
            ],
            "colmap_im_id": 60
        },
        {
            "file_path": "images/frame_00029.png",
            "transform_matrix": [
                [
                    0.9704670984053732,
                    0.08237164691853106,
                    -0.2267344761975659,
                    -1.0642439977370148
                ],
                [
                    -0.22476575272811555,
                    -0.03255795436776267,
                    -0.9738687468072635,
                    -2.4087796359296054
                ],
                [
                    -0.08760118328663918,
                    0.9960697221536831,
                    -0.013082098282198985,
                    -2.074166302079757
                ],
                [
                    0.0,
                    0.0,
                    0.0,
                    1.0
                ]
            ],
            "colmap_im_id": 29
        },
        {
            "file_path": "images/frame_00028.png",
            "transform_matrix": [
                [
                    -0.9751538953415908,
                    -0.20099891331075764,
                    0.09313601477417821,
                    0.3378423521910732
                ],
                [
                    0.20819307025364403,
                    -0.9751888209069718,
                    0.07524898056738716,
                    2.2808638093455076
                ],
                [
                    0.07570023710981799,
                    0.09276960938779626,
                    0.9928057582808193,
                    2.4190455723655493
                ],
                [
                    0.0,
                    0.0,
                    0.0,
                    1.0
                ]
            ],
            "colmap_im_id": 28
        },
        {
            "file_path": "images/frame_00027.png",
            "transform_matrix": [
                [
                    0.8126262897387961,
                    -0.1707393182911647,
                    0.557213243215581,
                    2.429081372506856
                ],
                [
                    0.4685492873040374,
                    -0.37715061347389106,
                    -0.7988860870757144,
                    -1.6168706016000578
                ],
                [
                    0.34655458241413645,
                    0.9102777048493145,
                    -0.22648271779989645,
                    -3.0173536948624675
                ],
                [
                    0.0,
                    0.0,
                    0.0,
                    1.0
                ]
            ],
            "colmap_im_id": 27
        },
        {
            "file_path": "images/frame_00026.png",
            "transform_matrix": [
                [
                    0.8923549971555123,
                    -0.4406974393752582,
                    0.09740803857832459,
                    0.38525529027702127
                ],
                [
                    0.3532604576334387,
                    0.5476610124191761,
                    -0.7584684993779351,
                    -1.448082475743831
                ],
                [
                    0.2809085404970791,
                    0.7112335638902975,
                    0.6443890202910872,
                    0.8643596803784096
                ],
                [
                    0.0,
                    0.0,
                    0.0,
                    1.0
                ]
            ],
