{
    "w": 800,
    "h": 800,
    "fl_x": 1108.7548337241144,
    "fl_y": 1108.9261157324595,
    "cx": 403.64254700751815,
    "cy": 403.0912368885769,
    "k1": -0.058625058026244695,
    "k2": 0.24676319436984168,
    "p1": 0.0012336491989185896,
    "p2": -1.989365663889311e-05,
    "camera_model": "OPENCV",
    "frames": [
        {
            "file_path": "images/frame_00027.png",
            "transform_matrix": [
                [
                    0.8126262897387961,
                    -0.1707393182911647,
                    0.557213243215581,
                    2.429081372506856
                ],
                [
                    0.4685492873040374,
                    -0.37715061347389106,
                    -0.7988860870757144,
                    -1.6168706016000578
                ],
                [
                    0.34655458241413645,
                    0.9102777048493145,
                    -0.22648271779989645,
                    -3.0173536948624675
                ],
                [
                    0.0,
                    0.0,
                    0.0,
                    1.0
                ]
            ],
            "colmap_im_id": 27
        },
        {
            "file_path": "images/frame_00026.png",
            "transform_matrix": [
                [
                    0.8923549971555123,
                    -0.4406974393752582,
                    0.09740803857832459,
                    0.38525529027702127
                ],
                [
                    0.3532604576334387,
                    0.5476610124191761,
                    -0.7584684993779351,
                    -1.448082475743831
                ],
                [
                    0.2809085404970791,
                    0.7112335638902975,
                    0.6443890202910872,
                    0.8643596803784096
                ],
                [
                    0.0,
                    0.0,
                    0.0,
                    1.0
                ]
            ],
            "colmap_im_id": 26
        },
        {
            "file_path": "images/frame_00025.png",
            "transform_matrix": [
                [
                    -0.6121497184948911,
                    0.6854952245038569,
                    -0.3941687701087336,
                    -1.8379548576765021
                ],
                [
                    -0.6510746004525573,
                    -0.7198299119381815,
                    -0.2407213379088203,
                    0.8601101251142262
                ],
                [
                    -0.4487477986488267,
                    0.10927577527282199,
                    0.8869522073631451,
                    1.938743866417015
                ],
                [
                    0.0,
                    0.0,
                    0.0,
                    1.0
                ]
            ],
            "colmap_im_id": 25
        },
        {
            "file_path": "images/frame_00024.png",
            "transform_matrix": [
                [
                    0.02929525000371463,
                    -0.8843391249208012,
                    0.4659249944589058,
                    2.019257110482787
                ],
                [
                    0.8392282076688756,
                    -0.23144926965471907,
                    -0.4920642753027124,
                    -0.2447117686667172
                ],
                [
                    0.5429896903073816,
                    0.40543254397076794,
                    0.7353819745610338,
                    1.2773293938226065
                ],
                [
                    0.0,
                    0.0,
                    0.0,
                    1.0
                ]
            ],
            "colmap_im_id": 24
        },
        {
            "file_path": "images/frame_00023.png",
            "transform_matrix": [
                [
                    -0.15173043639836842,
                    -0.4980823827005507,
                    0.8537516118366649,
                    3.7395803991353778
                ],
                [
                    0.8347070948830673,
                    -0.5271771319194651,
                    -0.1592116118034018,
                    1.2400480387686326
                ],
                [
                    0.5293788250603072,
                    0.6884752803293006,
                    0.4957417149617933,
                    0.20621862125345466
                ],
                [
                    0.0,
                    0.0,
                    0.0,
                    1.0
                ]
            ],
            "colmap_im_id": 23
        },
        {
            "file_path": "images/frame_00022.png",
            "transform_matrix": [
                [
                    -0.9584545960791027,
                    -0.1937755148679705,
                    0.20932232822252186,
                    0.8555083404056203
                ],
                [
                    0.26346805395827694,
                    -0.8826214040990576,
                    0.38931226742763503,
                    3.678605534205314
                ],
                [
                    0.10931318217983906,
                    0.4282878784927969,
                    0.8970061991635602,
                    1.9901975902831037
                ],
                [
                    0.0,
                    0.0,
                    0.0,
                    1.0
                ]
            ],
            "colmap_im_id": 22
        },
        {
            "file_path": "images/frame_00021.png",
            "transform_matrix": [
                [
                    0.6877167367430697,
                    0.4422088283985181,
                    -0.5757577981146874,
                    -2.626906688169082
                ],
                [
                    -0.6292816972025874,
                    -0.03236085295113718,
                    -0.776503265132933,
                    -1.5346333348883836
                ],
                [
                    -0.3620086125623181,
                    0.8963281359427947,
                    0.25601882186280883,
                    -0.8782836186654207
                ],
                [
                    0.0,
                    0.0,
                    0.0,
                    1.0
                ]
            ],
            "colmap_im_id": 21
        },
        {
            "file_path": "images/frame_00020.png",
            "transform_matrix": [
                [
                    0.3876934180544109,
                    0.11962034778677415,
                    -0.9139938654020928,
                    -4.136529637952435
                ],
                [
                    -0.785195973686959,
                    -0.47655253097994044,
                    -0.39543010523024325,
                    0.16632759632137842
                ],
                [
                    -0.4828675765705088,
                    0.8709699521866318,
                    -0.09083086416488481,
                    -2.422932616105099
                ],
                [
                    0.0,
                    0.0,
                    0.0,
                    1.0
                ]
            ],
            "colmap_im_id": 20
        },
        {
            "file_path": "images/frame_00019.png",
            "transform_matrix": [
                [
                    -0.7092430105221792,
                    0.23821517303002324,
                    -0.6634967093842375,
                    -3.0333763323612186
                ],
                [
                    -0.5763326137411927,
                    -0.7379362036351885,
                    0.3511280075737771,
                    3.4958047612786562
                ],
                [
                    -0.40597422376756975,
                    0.6314298778983789,
                    0.6606672679447325,
                    0.9311335067808869
                ],
                [
                    0.0,
                    0.0,
                    0.0,
                    1.0
                ]
            ],
            "colmap_im_id": 19
        },
        {
            "file_path": "images/frame_00018.png",
            "transform_matrix": [
                [
                    0.06587619397274876,
                    -0.6075476080527175,
                    0.7915467333121186,
                    3.467284212084237
                ],
                [
                    0.8366984406505936,
                    -0.39859668840978163,
                    -0.3755747587386836,
                    0.2745588687715682
                ],
                [
                    0.5436874529364547,
                    0.6870273531222587,
                    0.4820761035161288,
                    0.14574934016193303
                ],
                [
                    0.0,
                    0.0,
                    0.0,
                    1.0
                ]
            ],
            "colmap_im_id": 18
        },
        {
            "file_path": "images/frame_00017.png",
            "transform_matrix": [
                [
                    0.9900806365691622,
                    -0.11846661639559786,
                    0.07553802943273638,
                    0.2848260144031378
                ],
                [
                    0.08419146422620398,
                    0.06982142643773621,
                    -0.9940003851919011,
                    -2.491467813990823
                ],
                [
                    0.11248168936431607,
                    0.9905001914234939,
                    0.07910272022991022,
                    -1.6609420858734336
                ],
                [
                    0.0,
                    0.0,
                    0.0,
                    1.0
                ]
            ],
            "colmap_im_id": 17
        },
        {
            "file_path": "images/frame_00016.png",
            "transform_matrix": [
                [
                    -0.4545689178715599,
                    0.497054222251636,
                    -0.739123940247439,
                    -3.3705727845132603
                ],
                [
                    -0.7407167760836934,
                    -0.6718068820264038,
                    0.0037644242774937517,
                    1.9447683690461446
                ],
                [
                    -0.4946774267472271,
                    0.5491926924165896,
                    0.6735589284264287,
                    0.9884021551219027
                ],
                [
                    0.0,
                    0.0,
                    0.0,
                    1.0
                ]
            ],
            "colmap_im_id": 16
        },
        {
            "file_path": "images/frame_00015.png",
            "transform_matrix": [
                [
                    -0.18030945599749904,
                    -0.8930527783360189,
                    0.4122441451181603,
                    1.778060701546045
                ],
                [
                    0.8311115945852479,
                    -0.3624815681215421,
                    -0.42173526070049455,
                    0.06978049062316949
                ],
                [
                    0.5260627504621972,
                    0.2665780333757172,
                    0.8075853730087504,
                    1.60137505971969
                ],
                [
                    0.0,
                    0.0,
                    0.0,
                    1.0
                ]
            ],
            "colmap_im_id": 15
        },
        {
            "file_path": "images/frame_00014.png",
            "transform_matrix": [
                [
                    -0.9265307554821136,
                    -0.22399709399857162,
                    0.30226819387083664,
                    1.2714837859247452
                ],
                [
                    0.34071102708435697,
                    -0.8403137594605905,
                    0.4216500701818165,
                    3.8236465610786756
                ],
                [
                    0.15955173195194472,
                    0.49365786486331154,
                    0.8548948223552011,
                    1.8034919194080763
                ],
                [
                    0.0,
                    0.0,
                    0.0,
                    1.0
                ]
            ],
            "colmap_im_id": 14
        },
        {
            "file_path": "images/frame_00001.png",
            "transform_matrix": [
                [
                    0.5909929552834255,
                    0.1969042674992928,
                    -0.782276189236212,
                    -3.546138697058657
                ],
                [
                    -0.6945464285115069,
                    -0.36901992403596273,
                    -0.617599833473425,
                    -0.824941536232828
                ],
                [
                    -0.41028354274485945,
                    0.9083242841106138,
                    -0.08132901971417071,
                    -2.3815084016213723
                ],
                [
                    0.0,
                    0.0,
                    0.0,
                    1.0
                ]
            ],
            "colmap_im_id": 1
        },
        {
            "file_path": "images/frame_00002.png",
            "transform_matrix": [
                [
                    0.8369809017125107,
                    0.13075899090088938,
                    -0.5313803312760959,
                    -2.426697287315031
                ],
                [
                    -0.4811673574194283,
                    -0.28666837014705576,
                    -0.8284317833782301,
                    -1.7664973676459461
                ],
                [
                    -0.26065483751988255,
                    0.9490644508439939,
                    -0.17701899282752645,
                    -2.8079396724866625
                ],
                [
                    0.0,
                    0.0,
                    0.0,
                    1.0
                ]
            ],
            "colmap_im_id": 2
        },
        {
            "file_path": "images/frame_00003.png",
            "transform_matrix": [
                [
                    0.3906121801780791,
                    -0.24921779355595908,
                    0.8861786592282774,
                    3.8859426897035396
                ],
                [
                    0.7639079515656184,
                    -0.44941875417706056,
                    -0.4631062782221377,
                    -0.11507632502499156
                ],
                [
                    0.5136796338491036,
                    0.8578538772827446,
                    0.01483101478701802,
                    -1.938616100335287
                ],
                [
                    0.0,
                    0.0,
                    0.0,
                    1.0
                ]
            ],
            "colmap_im_id": 3
        },
        {
            "file_path": "images/frame_00004.png",
            "transform_matrix": [
                [
                    0.38886585375717303,
                    0.7083520014351127,
                    -0.589084705152472,
                    -2.692480439356003
                ],
                [
                    -0.7866260519398566,
                    -0.07756702890915845,
                    -0.6125380073397243,
                    -0.805352862315257
                ],
                [
                    -0.47958607380867424,
                    0.7015844910551229,
                    0.5270449693524312,
                    0.32858175669121387
                ],
                [
                    0.0,
                    0.0,
                    0.0,
                    1.0
                ]
            ],
            "colmap_im_id": 4
        },
        {
            "file_path": "images/frame_00005.png",
            "transform_matrix": [
                [
                    0.7578647933703757,
                    0.535762691113426,
                    -0.3722892608988032,
                    -1.7211224848609452
                ],
                [
                    -0.5689479694131475,
                    0.26348259856566997,
                    -0.7790219049254893,
                    -1.5481909899238935
                ],
                [
                    -0.31927913033947836,
                    0.802206494030048,
                    0.5045052803149683,
                    0.23033950142562498
                ],
                [
                    0.0,
                    0.0,
                    0.0,
                    1.0
                ]
            ],
            "colmap_im_id": 5
        },
        {
            "file_path": "images/frame_00006.png",
            "transform_matrix": [
                [
                    -0.9248506210866886,
                    -0.11964790946890948,
                    0.3610203684493226,
                    1.5293655165698465
                ],
                [
                    0.3448866960358223,
                    -0.6639756830879615,
                    0.6634677529204929,
                    4.894409985687375
                ],
                [
                    0.1603262161128346,
                    0.7381196854356306,
                    0.6553432950746854,
                    0.9086345929518834
                ],
                [
                    0.0,
                    0.0,
                    0.0,
                    1.0
                ]
            ],
            "colmap_im_id": 6
        },
        {
            "file_path": "images/frame_00007.png",
            "transform_matrix": [
                [
                    0.8475616692179209,
                    -0.4861670910692957,
                    0.2127928016492826,
                    0.8996841942113305
                ],
                [
                    0.4220262312504413,
                    0.3743416700829678,
                    -0.8256889088367625,
                    -1.7470611156575284
                ],
                [
                    0.3217655621863235,
                    0.7896264139456797,
                    0.5224529159553094,
                    0.32213809725795756
                ],
                [
                    0.0,
                    0.0,
                    0.0,
                    1.0
                ]
            ],
            "colmap_im_id": 7
        },
        {
            "file_path": "images/frame_00008.png",
            "transform_matrix": [
                [
                    -0.19126925660264016,
                    0.3740833812017258,
                    -0.9074567181895553,
                    -4.112433873409691
                ],
                [
                    -0.8227819843349642,
                    -0.5652253833895726,
                    -0.059582482542517495,
                    1.6626210555637462
                ],
                [
                    -0.5352063879780323,
                    0.7352427421476493,
                    0.41589930558575466,
                    -0.16739620767806188
                ],
                [
                    0.0,
                    0.0,
                    0.0,
                    1.0
                ]
            ],
            "colmap_im_id": 8
        },
        {
            "file_path": "images/frame_00009.png",
            "transform_matrix": [
                [
                    0.7295739199783067,
                    -0.44995377104519174,
                    0.5150373765171791,
                    2.2430881367172675
                ],
                [
                    0.5553340708795279,
                    -0.04976999492997823,
                    -0.8301367461599571,
                    -1.7591720203186612
                ],
                [
                    0.3991565670358671,
                    0.8916639229703539,
                    0.21356376908375674,
                    -1.055611140540352
                ],
                [
                    0.0,
                    0.0,
                    0.0,
                    1.0
                ]
            ],
            "colmap_im_id": 9
        },
        {
            "file_path": "images/frame_00010.png",
            "transform_matrix": [
                [
                    -0.9458795600813933,
                    0.0354355057677787,
                    -0.32257740582875766,
                    -1.5152850395850712
                ],
                [
                    -0.2442156476787736,
                    -0.7323251403730551,
                    0.635656043947056,
                    4.764294983857872
                ],
                [
                    -0.2137067505931117,
                    0.6800325093027293,
                    0.7013452866045131,
                    1.1105489177019776
                ],
                [
                    0.0,
                    0.0,
                    0.0,
                    1.0
                ]
            ],
            "colmap_im_id": 10
        },
        {
            "file_path": "images/frame_00011.png",
            "transform_matrix": [
                [
                    -0.7515283822892718,
                    0.628017752558235,
                    -0.20198711118626783,
                    -0.9833132116878377
                ],
                [
                    -0.536287032717146,
                    -0.7599045917223576,
                    -0.3673434768969169,
                    0.29974115147146496
                ],
                [
                    -0.384189158036909,
                    -0.1677459804316646,
                    0.9078876455244398,
                    2.035703332125458
                ],
                [
                    0.0,
                    0.0,
                    0.0,
                    1.0
                ]
            ],
            "colmap_im_id": 11
        },
        {
            "file_path": "images/frame_00012.png",
            "transform_matrix": [
                [
                    -0.9984561260690218,
                    -0.04484596798892206,
                    -0.032775043407709835,
                    -0.22468812859838286
                ],
                [
                    0.013421112762589078,
                    -0.7673443675869814,
                    0.6410947630925935,
                    4.792656969214009
                ],
                [
                    -0.053900260179841016,
                    0.6396651160471954,
                    0.766761567415108,
                    1.4044871074339487
                ],
                [
                    0.0,
                    0.0,
                    0.0,
                    1.0
                ]
            ],
            "colmap_im_id": 12
        },
        {
            "file_path": "images/frame_00013.png",
            "transform_matrix": [
                [
                    0.47166791149542275,
                    -0.35418839190028917,
                    0.8075146836489312,
                    3.5395871244302812
                ],
                [
                    0.7287608655675919,
                    -0.35898778190987757,
                    -0.5831255210129294,
                    -0.6511738082478268
                ],
                [
                    0.49642419570637397,
                    0.8635266964503839,
                    0.08879562170944195,
                    -1.6096761458356612
                ],
                [
                    0.0,
                    0.0,
                    0.0,
                    1.0
                ]
            ],
            "colmap_im_id": 13
        },
        {
            "file_path": "images/frame_00030.png",
            "transform_matrix": [
                [
                    0.977008641254394,
                    -0.12833221820569932,
                    0.1702496892350978,
                    0.7066851746824115
                ],
                [
                    0.1493310911159464,
                    -0.1580218979842424,
                    -0.9760785342294844,
                    -2.408660408986759
                ],
                [
                    0.15216550246479493,
                    0.9790607343407571,
                    -0.13522476966803834,
                    -2.6137725251134003
                ],
                [
                    0.0,
                    0.0,
                    0.0,
                    1.0
                ]
            ],
            "colmap_im_id": 30
        },
        {
            "file_path": "images/frame_00032.png",
            "transform_matrix": [
                [
                    -0.45014917029279417,
                    0.8531582969135378,
                    -0.2636031959068404,
                    -1.2566481576950084
                ],
                [
                    -0.7417529166057205,
                    -0.5216202781067855,
                    -0.42156244635250295,
                    0.05179278555798742
                ],
                [
                    -0.4971602711315696,
                    0.005762453938308299,
                    0.8676395904596519,
                    1.8544051389315543
                ],
                [
                    0.0,
                    0.0,
                    0.0,
                    1.0
                ]
            ],
            "colmap_im_id": 32
        },
        {
            "file_path": "images/frame_00033.png",
            "transform_matrix": [
                [
                    0.9371776445423315,
                    0.08750629493456454,
                    -0.33769914260612505,
                    -1.5604028433931447
                ],
                [
                    -0.3156190031220579,
                    -0.19966925034433883,
                    -0.9276404666330421,
                    -2.2050682724233237
                ],
                [
                    -0.14860251491251902,
                    0.9759481742458227,
                    -0.15950690815108856,
                    -2.727552832672005
                ],
                [
                    0.0,
                    0.0,
                    0.0,
                    1.0
                ]
            ],
            "colmap_im_id": 33
        },
        {
            "file_path": "images/frame_00034.png",
            "transform_matrix": [
                [
                    0.645760528835467,
                    0.6706220034743009,
                    -0.3650472131851618,
                    -1.6915754346805718
                ],
                [
                    -0.6604217608430314,
                    0.2506370402951634,
                    -0.7078306095649372,
                    -1.231819283911484
                ],
                [
                    -0.3831924284261471,
                    0.6981741920811707,
                    0.6047448720813403,
                    0.676288272922398
                ],
                [
                    0.0,
                    0.0,
                    0.0,
                    1.0
                ]
            ],
            "colmap_im_id": 34
        },
        {
            "file_path": "images/frame_00035.png",
            "transform_matrix": [
                [
                    -0.23103433936630038,
                    0.2608720933077554,
                    -0.9373200547128002,
                    -4.2433217333488145
                ],
                [
                    -0.8146690432705274,
                    -0.5785602177208271,
                    0.03977969843415341,
                    2.1045250048774333
                ],
                [
                    -0.5319186817270664,
                    0.772796108559081,
                    0.34619169635576313,
                    -0.47815461885696986
                ],
                [
                    0.0,
                    0.0,
                    0.0,
                    1.0
                ]
            ],
            "colmap_im_id": 35
        },
        {
            "file_path": "images/frame_00036.png",
            "transform_matrix": [
                [
                    0.9851757423987041,
                    -0.10826793665953163,
                    0.13306693984851894,
                    0.5410478195644554
                ],
                [
                    0.11300475889289563,
                    -0.17402473924078576,
                    -0.9782358174794742,
                    -2.419273450721416
                ],
                [
                    0.1290685130336607,
                    0.9787713951805416,
                    -0.15921015959924037,
                    -2.720936324350938
                ],
                [
                    0.0,
                    0.0,
                    0.0,
                    1.0
                ]
            ],
            "colmap_im_id": 36
        },
        {
            "file_path": "images/frame_00037.png",
            "transform_matrix": [
                [
                    0.6620265260835394,
                    0.10240113160340225,
                    -0.7424519425579701,
                    -3.36834341320951
                ],
                [
                    -0.6476532364114949,
                    -0.4203752111707953,
                    -0.6354761735886134,
                    -0.9052528365661884
                ],
                [
                    -0.37718187141944803,
                    0.9015534870874007,
                    -0.21197911640789294,
                    -2.9635663314170713
                ],
                [
                    0.0,
                    0.0,
                    0.0,
                    1.0
                ]
            ],
            "colmap_im_id": 37
        },
        {
            "file_path": "images/frame_00038.png",
            "transform_matrix": [
                [
                    0.4792653714306311,
                    0.09573260237605183,
                    -0.8724333628362497,
                    -3.946698665863584
                ],
                [
                    -0.7510454954131196,
                    -0.4696069758274236,
                    -0.46411200380283546,
                    -0.1392749544082522
                ],
                [
                    -0.4541314430504902,
                    0.8776699590942658,
                    -0.15316682191763645,
                    -2.6998629042186892
                ],
                [
                    0.0,
                    0.0,
                    0.0,
                    1.0
                ]
            ],
            "colmap_im_id": 38
        },
        {
            "file_path": "images/frame_00039.png",
            "transform_matrix": [
                [
                    -0.9984448645202394,
                    -0.05088179789475075,
                    -0.022779270316636187,
                    -0.18083574718569326
                ],
                [
                    0.048892530119360206,
                    -0.9955385352130229,
                    0.08070034327334709,
                    2.303215211798733
                ],
                [
                    -0.02678381996071695,
                    0.079461107146241,
                    0.9964780777515407,
                    2.4362595507896496
                ],
                [
                    0.0,
                    0.0,
                    0.0,
                    1.0
                ]
            ],
            "colmap_im_id": 39
        },
        {
            "file_path": "images/frame_00040.png",
            "transform_matrix": [
                [
                    0.41674620800089796,
                    -0.799070847228105,
                    0.4333686412594143,
                    1.8797727076314703
                ],
                [
                    0.7529295748852496,
                    0.03631042901530269,
                    -0.6570986288281554,
                    -0.985466508752803
                ],
                [
                    0.5093325567642321,
                    0.6001394286787723,
                    0.6167763069096663,
                    0.7466096131185488
                ],
                [
                    0.0,
                    0.0,
                    0.0,
                    1.0
                ]
            ],
            "colmap_im_id": 40
        },
        {
            "file_path": "images/frame_00041.png",
            "transform_matrix": [
                [
                    0.9984583772818411,
                    -0.054092896144134366,
                    -0.01244296678660353,
                    -0.10703570778583138
                ],
                [
                    -0.006138362214045655,
                    0.11519079260616413,
                    -0.9933244192146354,
                    -2.4913233308248093
                ],
                [
                    0.05516510985253089,
                    0.9918694671606257,
                    0.11468117007362029,
                    -1.503259767859956
                ],
                [
                    0.0,
                    0.0,
                    0.0,
                    1.0
                ]
            ],
            "colmap_im_id": 41
        },
        {
            "file_path": "images/frame_00042.png",
            "transform_matrix": [
                [
                    -0.5827866659399491,
                    -0.6136809862621683,
                    0.5326869147096546,
                    2.303452120853996
                ],
                [
                    0.6981029204417587,
                    -0.7136151366866709,
                    -0.05835879678636054,
                    1.6906859703092283
                ],
                [
                    0.41594712942065826,
                    0.3378595622325297,
                    0.8442978750031043,
                    1.759694172603957
                ],
                [
                    0.0,
                    0.0,
                    0.0,
                    1.0
                ]
            ],
            "colmap_im_id": 42
        },
        {
            "file_path": "images/frame_00043.png",
            "transform_matrix": [
                [
                    0.20850333176252928,
                    0.930605049305163,
                    -0.3008331811015195,
                    -1.41466733043415
                ],
                [
                    -0.8308436996783288,
                    0.006263519049335732,
                    -0.556470587752799,
                    -0.5575354429310229
                ],
                [
                    -0.5159700643920649,
                    0.3659713247466987,
                    0.7744933066943799,
                    1.435011335281812
                ],
                [
                    0.0,
                    0.0,
                    0.0,
                    1.0
                ]
            ],
            "colmap_im_id": 43
        },
        {
            "file_path": "images/frame_00044.png",
            "transform_matrix": [
                [
                    -0.592127309717328,
                    -0.7852596507845241,
                    0.18097660052251668,
                    0.7404517967732119
                ],
                [
                    0.6919318534737273,
                    -0.610552272788405,
                    -0.38530018471488625,
                    0.23555750266296813
                ],
                [
                    0.41305636326696604,
                    -0.10292328717389579,
                    0.904870840353466,
                    2.0345811044382787
                ],
                [
                    0.0,
                    0.0,
                    0.0,
                    1.0
                ]
            ],
            "colmap_im_id": 44
        },
        {
            "file_path": "images/frame_00056.png",
            "transform_matrix": [
                [
                    -0.6172350706731305,
                    0.4070022241464176,
                    -0.673327600110826,
                    -3.0780480115144235
                ],
                [
                    -0.6486984352347285,
                    -0.7475274333206633,
                    0.14280432961586212,
                    2.565572952265152
                ],
                [
                    -0.4452091729234136,
                    0.5249304010751237,
                    0.7254218540766191,
                    1.2211490702231116
                ],
                [
                    0.0,
                    0.0,
                    0.0,
                    1.0
                ]
            ],
            "colmap_im_id": 56
        },
        {
            "file_path": "images/frame_00057.png",
            "transform_matrix": [
                [
                    -0.9939658763581969,
                    -0.10311944972414662,
                    0.037392722875858,
                    0.08809134128452081
                ],
                [
                    0.10919319146542374,
                    -0.9625980397148944,
                    0.24795536064912507,
                    3.0481895502331167
                ],
                [
                    0.010425141393613108,
                    0.2505421980937177,
                    0.9680495459434356,
                    2.3075959934198638
                ],
                [
                    0.0,
                    0.0,
                    0.0,
                    1.0
                ]
            ],
            "colmap_im_id": 57
        },
        {
            "file_path": "images/frame_00058.png",
            "transform_matrix": [
                [
                    0.9820484723008138,
                    -0.0065489441024466615,
                    -0.1885150110277172,
                    -0.8941062554698496
                ],
                [
                    -0.17888972558266442,
                    -0.34931162354363315,
                    -0.9197716323839684,
                    -2.1691103840043726
                ],
                [
                    -0.05982695155693907,
                    0.9369837250392634,
                    -0.3442124850712849,
                    -3.5501337794860754
                ],
                [
                    0.0,
                    0.0,
                    0.0,
                    1.0
                ]
            ],
            "colmap_im_id": 58
        },
        {
            "file_path": "images/frame_00059.png",
            "transform_matrix": [
                [
                    0.5865856401546343,
                    0.5640536576348,
                    -0.5811718834158975,
                    -2.6535347496213713
                ],
                [
                    -0.6978160050074592,
                    -0.01221637180487222,
                    -0.7161728725771136,
                    -1.2671095652554087
                ],
                [
                    -0.4110597400862889,
                    0.8256477648299719,
                    0.3864397217050334,
                    -0.2972740476916768
                ],
                [
                    0.0,
                    0.0,
                    0.0,
                    1.0
                ]
